0
1
1
2
2
2
2
3
3
3
4
4
4
4
4
4
5
5
5
5
5
5
5
5
6
6
6
6
6
6
6
6
6
6
6
6
7
7
7
7
8
8
8
9
9
9
9
9
9
9
9
10
10
10
10
11
11
11
12
12
13
14
14
14
14
14
15
15
16
16
16
17
18
18
19
19
20
20
21
21
22
22
23
24
24
25
26
27
27
27
28
28
28
29
30
31
32
33
34
34
35
36
37
38
39
40
41
41
41
41
42
43
44
45
45
45
46
46
47
47
47
47
48
49
50
50
51
52
53
53
53
53
54
54
54
55
56
57
57
58
59
60
61
61
62
63
64
65
65
65
65
66
66
66
67
68
68
68
68
69
70
71
72
72
73
73
74
74
75
76
77
77
78
79
79
80
81
82
83
83
84
85
86
87
87
88
89
90
90
91
92
93
94
94
94
95
95
96
97
97
98
98
98
99
100
101
102
103
104
105
105
105
105
105
105
105
105
106
107
107
108
108
108
109
110
111
112
113
114
115
116
117
118
118
119
120
120
121
122
123
124
125
126
127
127
127
128
129
129
130
131
131
131
132
132
133
134
135
136
137
137
138
139
140
141
142
142
143
144
145
146
146
146
146
146
146
147
148
149
150
151
151
152
152
153
154
155
156
156
157
158
158
158
158
159
160
161
162
163
164
165
166
166
166
167
168
169
170
171
171
171
171
171
171
172
173
173
174
175
176
177
178
179
179
180
180
180
180
180
180
181
181
182
182
183
183
183
183
183
184
184
184
184
184
184
185
185
185
186
186
186
187
188
188
189
189
189
190
190
190
191
191
192
192
192
193
193
194
194
195
196
197
197
198
198
198
198
199
199
200
201
202
203
204
204
204
204
205
205
205
205
206
207
208
209
210
211
211
211
212
212
212
213
214
214
214
215
216
216
216
216
216
217
217
217
218
218
218
219
219
220
221
222
222
223
224
225
226
227
227
228
229
229
229
230
231
232
232
233
234
234
235
236
236
237
238
239
240
240
240
241
242
243
244
245
245
246
247
248
248
248
249
250
251
252
253
254
255
255
256
256
256
257
258
259
260
261
262
263
263
264
265
265
265
266
267
267
268
269
269
270
271
272
273
274
274
275
276
277
278
279
280
281
282
283
284
285
286
287
288
289
290
291
292
293
294
295
295
296
297
298
299
300
300
301
302
302
303
303
304
305
306
306
307
307
307
307
307
308
309
309
310
311
312
313
314
315
316
317
318
319
320
321
322
323
324
325
326
327
328
329
330
331
332
333
334
335
336
337
338
339
339
339
339
340
341
341
342
343
344
344
345
346
346
347
348
348
349
349
466
466
466
466
466
466
466
466
466
466
466
466
466
466
466
466
466
466
466
466
466
466
466
466
466
466
466
466
466
466
466
466
466
466
466
466
466
466
466
466
466
466
466
466
466
466
466
466
466
466
466
466
466
466
466
466
466
466
466
466
466
466
466
466
466
466
466
466
466
466
466
466
466
466
466
466
466
466
466
466
466
466
466
466
466
466
466
466
466
466
466
466
466
466
466
466
466
466
466
466
466
466
466
466
466
466
466
466
466
466
466
466
466
466
466
466
466
466
466
466
466
466
466
466
466
466
466
466
466
466
466
466
466
466
466
466
466
466
466
466
466
466
466
466
466
466
466
466
466
466
466
466
466
466
466
466
466
466
466
466
466
466
466
466
466
466
466
466
466
466
466
466
466
466
466
466
466
466
466
466
466
466
466
466
466
466
466
466
466
466
466
466
466
466
466
466
466
466
466
466
466
466
466
466
466
466
466
466
466
466
466
466
466
466
466
466
466
466
466
466
466
466
466
466
466
466
466
466
466
466
466
466
466
466
466
466
466
466
466
466
466
466
466
466
466
466
466
466
466
466
466
466
466
466
466
466
466
466
466
466
466
466
466
466
466
466
466
466
466
466
466
466
466
466
466
466
466
466
466
466
466
466
466
466
466
466
466
466
466
466
466
466
466
466
466
466
466
466
466
466
466
466
466
466
466
466
466
466
466
466
466
466
466
466
466
466
466
466
466
466
466
466
466
466
466
466
466
466
466
466
466
466
466
466
466
466
466
466
466
466
466
466
466
466
466
466
466
466
466
466
466
466
466
466
466
466
466
466
466
466
466
466
466
466
466
466
466
466
466
466
466
466
466
466
466
466
466
466
466
466
466
466
466
466
466
466
466
466
466
466
466
466
466
466
466
466
466
466
466
466
466
466
466
466
466
466
466
466
466
466
466
466
466
466
466
466
466
466
466
466
466
466
466
466
466
466
466
466
466
466
466
466
466
466
466
466
466
466
466
466
466
466
466
466
466
466
466
466
466
466
466
466
466
466
466
466
466
466
466
466
466
466
466
466
466
466
466
466
466
466
466
466
466
466
466
466
466
466
466
466
466
466
466
466
466
466
466
466
466
466
466
466
466
466
466
466
466
466
466
466
466
466
466
466
466
466
466
466
466
466
466
466
466
466
466
466
466
466
466
466
466
466
466
466
466
466
466
466
466
466
466
466
466
466
466
466
466
466
466
466
466
466
466
466
466
466
466
466
466
466
466
466
466
466
466
466
466
466
466
466
466
466
466
466
466
466
466
466
466
466
466
466
466
466
466
466
466
466
466
466
466
466
466
466
466
466
466
466
466
466
466
466
466
466
466
466
466
466
466
466
466
466
466
466
466
466
466
466
466
466
466
466
466
466
466
466
466
466
466
466
466
466
466
466
466
466
466
466
466
466
466
466
466
466
466
466
466
466
466
466
466
466
466
466
466
466
466
466
466
466
466
466
466
466
466
466
466
466
466
466
466
466
466
466
466
466
466
466
466
466
466
466
466
466
466
466
466
466
466
466
466
466
466
466
466
466
466
466
466
466
466
466
466
466
466
466
466
466
466
466
466
466
466
466
466
466
466
466
466
466
466
466
466
466
466
466
466
466
466
466
466
466
466
466
466
466
466
466
466
466
466
466
466
466
466
466
466
466
466
466
466
466
466
466
466
466
466
466
466
466
466
466
466
466
466
466
466
466
466
466
466
466
466
466
466
466
466
466
466
466
466
466
466
466
466
466
466
466
466
466
466
466
466
466
466
466
466
466
466
466
466
466
466
466
466
466
466
466
466
466
466
466
466
466
466
466
466
466
466
466
466
466
466
466
466
466
466
466
466
466
466
466
466
466
466
466
466
466
466
466
466
466
466
466
466
466
466